Sample Number_of_read_pairs Number_of_nonconcordant_pairs Number_of_uniquely_matching_concordant_pairs Number_of_multiply_matching_concordant_pairs Number_of_amplicon_matching_concordant_pairs
del32H1_GGTATA-AHLK7MBBXX_L005 1655346 235313 1210073 209960 1419996
del32H1K_GCAATA-AHLK7MBBXX_L005 1934874 358299 955706 620869 1576555
del32H2_GTGCTG-AHLK7MBBXX_L005 1793080 175082 1483820 134178 1617975
del32H2K_CAATTA-AHLK7MBBXX_L005 1988255 165325 1671545 151385 1822902
del32H3_CCCTCC-AHLK7MBBXX_L005 1387395 118826 1145405 123164 1268535
del32H3K_CAATGC-AHLK7MBBXX_L005 1714733 166852 1396995 150886 1547841
del32H4_GAGAAC-AHLK7MBBXX_L005 2167295 311999 130344 1724952 1855260
del32H4K_TGTTCG-AHLK7MBBXX_L005 1382431 116800 1148940 116691 1265613
del32H5K_CCAACA-AHLK7MBBXX_L005 1840302 348201 1355960 136141 1492067
del32H5_TGGTGT-AHLK7MBBXX_L005 1797239 333626 1357718 105895 1463591
del32H6_AAACAA-AHLK7MBBXX_L005 2267152 536071 1577420 153661 1731044
del32H6K_CTACCG-AHLK7MBBXX_L005 1807915 287610 1384795 135510 1520274
del32H7_AGGGAT-AHLK7MBBXX_L005 2254348 213557 1875069 165722 2040755
del32P1H1_CCGTCA-AHLK7MBBXX_L005 734479 64361 129101 541017 669722
del32P1H1k_AGATAG-AHLK7MBBXX_L005 2051661 394729 1273345 383587 1656749
del32P1H2_CATCCT-AHLK7MBBXX_L005 1893085 257337 1504818 130930 1635406
del32P1H2k_CCTGCT-AHLK7MBBXX_L005 2297693 187449 1940234 170010 2109082
del32P1H3_GTCGGC-AHLK7MBBXX_L005 2010300 205302 1640834 164164 1804732
del32P1H3k_TTACTC-AHLK7MBBXX_L005 1719803 372473 1255332 91998 1346916
del32P1H4k_ATTAGG-AHLK7MBBXX_L005 1663813 171554 1367661 124598 1491922
del32P1H4_TGTAAA-AHLK7MBBXX_L005 2064406 179995 1737474 146937 1884308
del32P1H5_CAGCGT-AHLK7MBBXX_L005 2093680 277673 787718 1028289 1815850
del32P1H5k_GCCTAA-AHLK7MBBXX_L005 1549752 138217 50006 1361529 1411491
del32P1H6_GGATCA-AHLK7MBBXX_L005 1456634 198969 1164408 93257 1257402
del32P1H6k_AAAGCG-AHLK7MBBXX_L005 1722692 376243 1250464 95985 1346318
del32P1H7_CCCCAT-AHLK7MBBXX_L005 921526 74344 777772 69410 847115
del32P1H7k_TTGCTA-AHLK7MBBXX_L005 947696 78431 802547 66718 868554
del32P1H8k_TCTTCT-AHLK7MBBXX_L005 1116615 77321 963943 75351 1039188
del32P1H8_TTGTGA-AHLK7MBBXX_L005 1251021 113961 1050837 86223 1136944
e161_GACGAT-AHLK7MBBXX_L005 1618828 115493 1325081 178254 1503146
e162_ATTCTC-AHLK7MBBXX_L005 1330247 123149 1067620 139478 1206666
e163_CGAAGG-AHLK7MBBXX_L005 2057212 240712 1603178 213322 1815882
e164_TTGAAG-AHLK7MBBXX_L005 1736772 211758 1341607 183407 1524734
e165_AAAGTA-AHLK7MBBXX_L005 938867 125032 716604 97231 813731
e166_TCAGCG-AHLK7MBBXX_L005 1538707 122749 1243650 172308 1415393
e167_AGGCGC-AHLK7MBBXX_L005 1677320 145466 1340691 191163 1531382
e168_AATCCG-AHLK7MBBXX_L005 511763 41429 409690 60644 470206
e16c1_ACATTA-AHLK7MBBXX_L005 853357 80809 693692 78856 772435
e16c1k_CTTGAC-AHLK7MBBXX_L005 1414852 126583 1156366 131903 1288250
e16c2_GGGTCT-AHLK7MBBXX_L005 495104 48011 380215 66878 447079
e16c2k_TTAAGG-AHLK7MBBXX_L005 646824 66512 523576 56736 580113
e16c3_CCAAGC-AHLK7MBBXX_L005 1706904 171333 1362214 173357 1535488
e16c3k_AAGTAA-AHLK7MBBXX_L005 2021223 387949 1468511 164763 1633237
e16c4_GCACTG-AHLK7MBBXX_L005 763570 69344 620231 73995 694122
e16c4k_GCTTCG-AHLK7MBBXX_L005 1089508 93127 879131 117250 993855
e16c5_CGTTAA-AHLK7MBBXX_L005 1680611 248450 1278285 153876 1431528
e16c5k_AGAATC-AHLK7MBBXX_L005 1683520 227920 1302424 153176 1455569
e16c6_GTGTAG-AHLK7MBBXX_L005 1325140 132521 1075976 116643 1192572
e16c6k_GACTTT-AHLK7MBBXX_L005 495524 56283 398215 41026 439223
e16c7_CACCTC-AHLK7MBBXX_L005 1313099 117236 1054417 141446 1195787
e16c7k_CGGAAC-AHLK7MBBXX_L005 1399973 196609 1085939 117425 1203209
e16c8k_ATTTGT-AHLK7MBBXX_L005 1403287 154782 1128770 119735 1248465
e16c8_TAAATG-AHLK7MBBXX_L005 1691193 169699 1345803 175691 1520280
e16h1_GCCCAC-AHLK7MBBXX_L005 915645 150856 658022 106767 764082
e16h1k_AGAAGT-AHLK7MBBXX_L005 690455 87618 525563 77274 602717
e16h2_AACCAT-AHLK7MBBXX_L005 1970143 153062 1598835 218246 1815573
e16h2k_TCTTAA-AHLK7MBBXX_L005 1009574 163576 756809 89189 845106
e16h3_GGGGGA-AHLK7MBBXX_L005 2401365 401510 1770749 229106 1998881
e16h3k_CGCGTG-AHLK7MBBXX_L005 1858920 167787 1506206 184927 1689034
e16h4k_GCGCCC-AHLK7MBBXX_L005 940568 162495 690397 87676 777407
e16h4_TAGTAC-AHLK7MBBXX_L005 1906139 464814 1281280 160045 1440488
e16h5_GTTCTT-AHLK7MBBXX_L005 1888153 249774 1454765 183614 1634537
e16h5k_AAGGCC-AHLK7MBBXX_L005 2128409 212886 1709907 205616 1914668
e16h6_ACAGAC-AHLK7MBBXX_L005 1069590 114769 852026 102795 954303
e16h6k_TGCACG-AHLK7MBBXX_L005 1815042 399882 1245693 169467 1414363
e16h7_GTTGCG-AHLK7MBBXX_L005 1506820 235581 1111032 160207 1270708
e16h7k_CAGTGA-AHLK7MBBXX_L005 1712720 174782 206995 1330943 1535491
e16h8_AAACTC-AHLK7MBBXX_L005 1682324 154471 1359232 168621 1526453
e16h8k_GCCGGT-AHLK7MBBXX_L005 1008307 121876 794168 92263 885484
e16i1_CTTAAA-AHLK7MBBXX_L005 644360 67303 149820 427237 576192
e16i1k_TACTCA-AHLK7MBBXX_L005 1721603 192301 1371609 157693 1524852
e16i2k_ATAACG-AHLK7MBBXX_L005 1858422 516655 1191836 149931 1336769
e16i2_TAAGGG-AHLK7MBBXX_L005 2005223 257991 1540296 206936 1741663
e16i3_ATCGTT-AHLK7MBBXX_L005 2092603 161197 1704835 226571 1927697
e16i3k_GAGGGC-AHLK7MBBXX_L005 1998436 216971 1544093 237372 1778989
e16i4_GAGCAA-AHLK7MBBXX_L005 1895408 253478 1457563 184367 1637931
e16i4k_TACAAG-AHLK7MBBXX_L005 1939639 197952 1561859 179828 1738282
e16i5_ACTGCG-AHLK7MBBXX_L005 1505643 140114 91882 1273647 1363191
e16i5k_CGTTTC-AHLK7MBBXX_L005 684618 61523 547391 75704 620892
e16i6_GGCCTC-AHLK7MBBXX_L005 1796075 406064 420605 969406 1387490
e16i6k_CCCGTT-AHLK7MBBXX_L005 371886 33956 302140 35790 337040
e16i7_ATCGGG-AHLK7MBBXX_L005 1701959 188824 169682 1343453 1509126
e16i7k_GGTCAC-AHLK7MBBXX_L005 1833996 165439 1447778 220779 1664529
e16i8_AGTCGG-AHLK7MBBXX_L005 756008 128475 562248 65285 626165
e16i8k_AGTGCT-AHLK7MBBXX_L005 865110 94992 532683 237435 769722
e16k1_TGATGC-AHLK7MBBXX_L005 726658 60175 587503 78980 666330
e16k2_ATCTAT-AHLK7MBBXX_L005 809776 53465 672638 83673 756141
e16k3_TAGATC-AHLK7MBBXX_L005 1956074 143801 1577594 234679 1811988
e16k4_GTGAAT-AHLK7MBBXX_L005 737955 60992 588961 88002 676926
e16k5_AACGTC-AHLK7MBBXX_L005 755049 59800 600420 94829 695115
e16k6_TGTCGT-AHLK7MBBXX_L005 1748041 141657 1399098 207286 1605886
e16k7_CACTAA-AHLK7MBBXX_L005 2004515 144896 1601840 257779 1859069
e16k8_TTGACT-AHLK7MBBXX_L005 1798163 124150 1475827 198186 1673755
hypo10_GGTCCG-AHLK7MBBXX_L005 1917815 468421 265490 1183904 1412237
hypo10k_CTGCAC-AHLK7MBBXX_L005 2127160 380659 1576052 170449 1736451
hypo1k_AACTTA-AHLK7MBBXX_L005 2046827 307017 1523235 216575 1722381
hypo1_TGACCT-AHLK7MBBXX_L005 2244566 347478 1674459 222629 1878652
hypo2_CAGTTC-AHLK7MBBXX_L005 1930852 367684 1407523 155645 1523954
hypo2k_TGTGAG-AHLK7MBBXX_L005 2010723 424471 1437114 149138 1573286
hypo3k_CAACGA-AHLK7MBBXX_L005 1795981 263810 1314637 217534 1522832
hypo3_TGCAGT-AHLK7MBBXX_L005 2389696 690076 1513083 186537 1650895
hypo4_AATGAA-AHLK7MBBXX_L005 2139471 501665 1427299 210507 1605967
hypo4k_AAGGTG-AHLK7MBBXX_L005 1891266 397182 1292204 201880 1482686
hypo5k_TTCAAC-AHLK7MBBXX_L005 1806223 287873 1319942 198408 1497626
hypo5_TGCCAG-AHLK7MBBXX_L005 2081641 713630 1214996 153015 1295385
hypo6_CACTGT-AHLK7MBBXX_L005 1845722 464616 1224871 156235 1350984
hypo6k_ACGAAT-AHLK7MBBXX_L005 2313160 372727 1708103 232330 1924013
hypo7k_GGATTC-AHLK7MBBXX_L005 1507653 250123 1102948 154582 1242697
hypo8_AAATGT-AHLK7MBBXX_L005 2214134 600126 1413253 200755 1582789
hypo8k_GCATGG-AHLK7MBBXX_L005 1825055 375045 931671 518339 1418075
hypo9_GGAGGT-AHLK7MBBXX_L005 2093759 451894 1462041 179824 1603305
hypo9k_GTGACG-AHLK7MBBXX_L005 1799129 442301 1147559 209269 1331101
mCPP1k_GTCCTA-AHLK7MBBXX_L005 2213759 190924 1823839 198996 2022639
mCPP1_TTTCCG-AHLK7MBBXX_L005 1613372 311078 1197546 104748 1302190
mCPP2_GACTCG-AHLK7MBBXX_L005 1872213 234247 1485445 152521 1637589
mCPP2k_ACGGTA-AHLK7MBBXX_L005 2307082 206316 1918520 182246 2100666
mCPP3_AATGGT-AHLK7MBBXX_L005 2079943 390671 1556406 132866 1688979
mCPP3k_ACACCG-AHLK7MBBXX_L005 1972363 348680 1486859 136824 1623528
mCPP4_GTAACA-AHLK7MBBXX_L005 1922783 400314 1400442 122027 1522350
mCPP4k_AGTATT-AHLK7MBBXX_L005 1696040 134095 1419774 142171 1561826
mCPP5_GAGAGG-AHLK7MBBXX_L005 2178252 367718 1638497 172037 1810443
mCPP5k_AGCCCT-AHLK7MBBXX_L005 2345720 275251 171481 1898988 2070383
mCPP6_CAGGCG-AHLK7MBBXX_L005 2212723 441138 292483 1479102 1771276
mCPP6k_CGAGAA-AHLK7MBBXX_L005 2256224 465915 1616180 174129 1790204
mCPP7k_CCGGGT-AHLK7MBBXX_L005 2106771 176072 120145 1810554 1930617
ME10_GAACAC-AHLK7MBBXX_L005 2199844 401791 1625790 172263 1797729
ME10K_CTAGGA-AHLK7MBBXX_L005 2116866 232627 1719490 164749 1883599
ME1_CACCGG-AHLK7MBBXX_L005 2332516 247313 1895436 189767 2085002
ME1K_CGGCAT-AHLK7MBBXX_L005 2472582 412266 1846494 213822 2059686
ME2K_TACGGC-AHLK7MBBXX_L005 1603818 183207 1259450 161161 1420455
ME2_TGGTCA-AHLK7MBBXX_L005 2323770 230726 1905576 187468 2091618
ME3K_GGTTAT-AHLK7MBBXX_L005 2505308 441928 1889944 173436 2061944
ME3_TCATGT-AHLK7MBBXX_L005 1976372 333456 1486752 156164 1642748
ME4K_TCTGAT-AHLK7MBBXX_L005 2419864 279385 1189718 950761 2140319
ME4_TCTCTC-AHLK7MBBXX_L005 1650272 173216 1331891 145165 1475420
ME5_GTAGTT-AHLK7MBBXX_L005 2236199 230965 1829050 176184 2003558
ME5K_CTCATA-AHLK7MBBXX_L005 2215697 214656 1804458 196583 1998915
ME6_CAGAAA-AHLK7MBBXX_L005 2111358 321876 1617176 172306 1789296
ME6K_GAGTTG-AHLK7MBBXX_L005 1656548 205379 1297317 153852 1450791
ME7_AGTAAG-AHLK7MBBXX_L005 2121536 302517 1658823 160196 1818631
ME7K_CGCACA-AHLK7MBBXX_L005 2219071 308530 1738920 171621 1910210
ME8K_AATTCT-AHLK7MBBXX_L005 2070240 399926 1529106 141208 1669889
ME8_TCCTTA-AHLK7MBBXX_L005 2229684 210174 1613664 405846 2018391
ME9_CTTGGG-AHLK7MBBXX_L005 2003910 221957 1609772 172181 1781301
ME9K_GGAAGA-AHLK7MBBXX_L005 2418607 646348 1479063 293196 1771784
Nacl1_GTCATT-AHLK7MBBXX_L005 1822836 342044 1339171 141621 1480674
Nacl1k_AGCGGT-AHLK7MBBXX_L005 2170300 202834 1784890 182576 1966637
Nacl2_CAGGAC-AHLK7MBBXX_L005 2150510 224493 1754702 171315 1925794
Nacl2k_GCTCAA-AHLK7MBBXX_L005 1658957 258987 1274955 125015 1399911
Nacl3k_TCCATT-AHLK7MBBXX_L005 1866933 150797 1546591 169545 1716014
Nacl3_TAAGAC-AHLK7MBBXX_L005 2287294 221036 1884506 181752 2066086
Nacl4_AGTTGA-AHLK7MBBXX_L005 2182196 436363 1596112 149721 1745785
Nacl4k_ACCTCA-AHLK7MBBXX_L005 1606335 126502 1356751 123082 1479789
Nacl5_GTTAGT-AHLK7MBBXX_L005 1730472 339101 1262488 128883 1391264
Nacl5k_CCCGAG-AHLK7MBBXX_L005 1948179 337862 241167 1369150 1610257
Nacl6_CCAGCC-AHLK7MBBXX_L005 1884063 198456 1528472 157135 1685552
P1H1_GACATC-AHLK7MBBXX_L005 891107 76200 422164 392743 814872
P1H1k_GACAGT-AHLK7MBBXX_L005 948065 76752 807891 63422 871287
P1H2_CCCGGC-AHLK7MBBXX_L005 1377106 134657 1128406 114043 1242283
P1H2k_ATGTCA-AHLK7MBBXX_L005 603216 51120 507029 45067 552047
P1H3_CTCGGT-AHLK7MBBXX_L005 1438726 334893 1023749 80084 1103748
P1H3k_GCAGCT-AHLK7MBBXX_L005 1935693 165812 114563 1655318 1769798
P1H4k_CGTCGC-AHLK7MBBXX_L005 1845339 175022 1539382 130935 1670273
P1H4_TCGAAC-AHLK7MBBXX_L005 1964444 471156 1380852 112436 1493244
P1H5_GTGTTT-AHLK7MBBXX_L005 1590280 354129 1152047 84104 1236121
P1H5k_CGTTGG-AHLK7MBBXX_L005 2225800 505219 1568099 152482 1720545
P1H6_ACCCCC-AHLK7MBBXX_L005 1765090 158200 1464078 142812 1606791
P1H6k_ACCAGG-AHLK7MBBXX_L005 1798954 465072 1236545 97337 1333848
P1H7_ACTTTT-AHLK7MBBXX_L005 1047982 74116 896744 77122 973855
P1H7k_TGTGCC-AHLK7MBBXX_L005 960352 88122 792517 79713 872199
P1H8_GGCCAA-AHLK7MBBXX_L005 1831119 500995 827001 503123 1330084
P1H8k_GGACTT-AHLK7MBBXX_L005 665242 53595 567878 43769 611629
wb10k_CGATAC-AHLK7MBBXX_L005 2347496 229273 1944291 173932 2118184
wb1_CTACTA-AHLK7MBBXX_L005 2223175 408615 1655976 158584 1814534
wb1k_GCACGT-AHLK7MBBXX_L005 2202784 496040 1559827 146917 1706708
wb2k_AGGGCA-AHLK7MBBXX_L005 2679079 524831 1959790 194458 2154210
wb2_TGCGCT-AHLK7MBBXX_L005 2467139 324132 1976993 166014 2142974
wb3_ACGATC-AHLK7MBBXX_L005 2075151 396255 1530463 148433 1678855
wb3k_TCCAGA-AHLK7MBBXX_L005 2018660 190950 1668059 159651 1827654
wb4_CGCTCT-AHLK7MBBXX_L005 2376978 323224 821643 1232111 2053716
wb4k_GATCTG-AHLK7MBBXX_L005 1755787 489437 1155786 110564 1266303
wb5_GATAGA-AHLK7MBBXX_L005 2160297 421894 1578017 160386 1738370
wb5k_CGCGCC-AHLK7MBBXX_L005 2049056 390736 228659 1429661 1658270
wb6k_GCCGCG-AHLK7MBBXX_L005 1900687 199065 1538254 163368 1701595
wb6_TATCAT-AHLK7MBBXX_L005 2290704 396734 79618 1814352 1893943
wb7_CTAGTC-AHLK7MBBXX_L005 1954320 215720 1576286 162314 1738557
wb7k_TAGGAA-AHLK7MBBXX_L005 2053882 214048 1684063 155771 1839801
wb8_GGCTTG-AHLK7MBBXX_L005 1996185 203869 1637111 155205 1792277
wb8k_TATCGA-AHLK7MBBXX_L005 2112929 385602 1599627 127700 1727302
wb9_CCTCCC-AHLK7MBBXX_L005 2076201 508426 1408444 159331 1567719
wb9k_TCGAGG-AHLK7MBBXX_L005 1467313 283331 1085959 98023 1183954
