Sample Number_of_read_pairs Number_of_nonconcordant_pairs Number_of_uniquely_matching_concordant_pairs Number_of_multiply_matching_concordant_pairs Number_of_amplicon_matching_concordant_pairs
C10_AGCGGT_L008 1750344 369086 921208 460050 1380428
C11_GAGAAC_L008 1640416 370371 837995 432050 1269438
C12_CCAACA_L008 1677392 518470 786480 372442 1157787
C1_CTAGTC_L008 1384705 441410 706657 236638 942580
C2_GCCGCG_L008 1550281 337422 845369 367490 1212029
C3_TCTCTC_L008 1434898 422652 750857 261389 1010482
C4_TACGGC_L008 1372523 338146 641054 393323 1033267
C5_CTAGGA_L008 1542927 372156 820450 350321 1169858
C6_AAATGT_L008 1678650 374646 886266 417738 1303009
C7_ACGAAT_L008 1581121 336159 861710 383252 1244369
C8_GTAACA_L008 1609260 415755 829262 364243 1191315
C9_CGAGAA_L008 1665202 525115 852509 287578 1137208
Ck10_GCTCAA_L008 1590726 372868 838159 379699 1216149
Ck11_TGGTGT_L008 2005417 533874 1115384 356159 1468650
Ck12_CTACCG_L008 1704304 409486 958284 336534 1292640
Ck1_GGCTTG_L008 1340389 462403 670016 207970 876883
Ck2_TAGGAA_L008 1577824 510869 783120 283835 1062067
Ck3_GTAGTT_L008 1679564 400524 894131 384909 1278548
Ck4_GGTTAT_L008 1774926 594572 941726 238628 1179790
Ck5_TGACCT_L008 1637454 372015 867309 398130 1264128
Ck6_GTGACG_L008 1390555 298186 779897 312472 1091964
Ck7_GGATTC_L008 1571416 405942 762950 402524 1165055
Ck8_GAGAGG_L008 1607022 388508 841643 376871 1217949
Ck9_CCGGGT_L008 1892994 409026 1034219 449749 1483319
H10_GACAGT_L008 1320260 322369 793083 204808 997730
H11_CCGTCA_L008 1356139 412264 742408 201467 943760
H12_AGATAG_L008 1385188 384052 779948 221188 1001040
H1_GACGAT_L008 947564 224174 575229 148161 723333
H2_TGATGC_L008 1016820 297548 543731 175541 719166
H3_ACATTA_L008 1105883 339782 209049 557052 765933
H4_CTTGAC_L008 1201622 346229 649716 205677 855345
H5_GCCCAC_L008 1299628 373416 705301 220911 926061
H6_AGAAGT_L008 1374390 352442 808459 213489 1021802
H7_CTTAAA_L008 1215419 412167 614344 188908 803156
H8_TACTCA_L008 1244574 317650 717873 209051 926859
H9_GACATC_L008 1226130 342424 678324 205382 883639
Hk10_ATGTCA_L008 1237877 309311 723918 204648 928411
Hk11_CATCCT_L008 1379079 358036 783043 238000 1020697
Hk12_CCTGCT_L008 1462576 364394 165608 932574 1098051
Hk1_ATTCTC_L008 783993 227834 410257 145902 556083
Hk2_ATCTAT_L008 1124501 267636 88826 768039 856699
Hk3_GGGTCT_L008 1140887 286583 659623 194681 854014
Hk4_TTAAGG_L008 1120200 353439 597651 169110 766663
Hk5_AACCAT_L008 1379984 355566 785186 239232 1024299
Hk6_TCTTAA_L008 1113268 307004 616954 189310 806156
Hk7_TAAGGG_L008 1208875 360919 13670 834286 847820
Hk8_ATAACG_L008 1234196 308642 752800 172754 925422
Hk9_CCCGGC_L008 1168164 356771 596673 214720 811090
i10_GCAGCT_L008 1437341 377675 819633 240033 1059171
i11_GTCGGC_L008 1465910 380137 724817 360956 1085616
i12_TTACTC_L008 1463413 403996 746538 312879 1059017
i1_CGAAGG_L008 974551 284609 522401 167541 689782
i2_TAGATC_L008 1070018 326872 551258 191888 742647
i3_CCAAGC_L008 1194232 407848 570242 216142 785231
i4_AAGTAA_L008 1437801 466196 739190 232415 971298
i5_GGGGGA_L008 1235810 309185 653440 273185 926319
i6_CGCGTG_L008 1260206 321692 662177 276337 938098
i7_ATCGTT_L008 1359468 439514 728462 191492 919596
i8_GAGGGC_L008 1305349 447179 631867 226303 857773
i9_CTCGGT_L008 1442694 388124 501343 553227 1053863
iK10_CGTCGC_L008 1425534 481236 697464 246834 944026
iK11_TGTAAA_L008 1656394 484809 836509 335076 1171424
iK12_ATTAGG_L008 1302771 379592 715609 207570 923148
iK1_TTGAAG_L008 910355 260330 507278 142747 649888
iK2_GTGAAT_L008 1162072 299790 679651 182631 862229
iK3_GCACTG_L008 1080220 283589 599348 197283 796440
iK4_GCTTCG_L008 1116359 261049 666704 188606 855027
iK5_TAGTAC_L008 1322730 371499 679680 271551 951044
iK6_GCGCCC_L008 1392891 435454 709186 248251 957309
iK7_GAGCAA_L008 1405994 435848 703356 266790 970028
iK8_TACAAG_L008 1324898 360748 628327 335823 963663
iK9_TCGAAC_L008 1252098 382160 648254 221684 869803
O10_GTTAGT_L008 1641431 492216 905360 243855 1144342
O11_GTGCTG_L008 1637684 477698 908482 251504 1159251
O12_CAATGC_L008 1758534 629610 204133 924791 1120843
O1_GATAGA_L008 1459086 459198 778951 220937 992858
O2_GATCTG_L008 1176725 354371 570189 252165 821455
O3_TGGTCA_L008 1614457 478107 898143 238207 1132095
O4_GAACAC_L008 1553363 562996 766874 223493 985172
O5_AATTCT_L008 1364142 402725 752570 208847 956970
O6_CACTGT_L008 1655262 471987 597144 586131 1177108
O7_AAGGTG_L008 1533439 498054 806289 229096 1025035
O8_GACTCG_L008 1440669 408500 826743 205426 1027897
O9_AGTATT_L008 1732183 493027 944776 294380 1234574
OK10_CCAGCC_L008 1627668 559370 803397 264901 1064884
OK11_CCCTCC_L008 1536588 549173 713084 274331 981181
OK12_TGTTCG_L008 1450456 411972 816624 221860 1033182
OK1_TATCAT_L008 1536618 434471 864626 237521 1098710
OK2_CGCGCC_L008 1617974 602231 732551 283192 1013382
OK3_TCATGT_L008 1584188 452315 887658 244215 1125978
OK4_CGGCAT_L008 1661141 508817 862404 289920 1146692
OK5_GGAAGA_L008 1539921 467329 832604 239988 1070160
OK6_GTGCCA_L008 1554910 436474 823332 295104 1114948
OK7_TTCAAC_L008 1393287 441695 714814 236778 946947
OK8_AATGGT_L008 1690097 473242 959689 257166 1215567
OK9_AGCCCT_L008 1727064 474452 985287 267325 1249935
R10_CGTTGG_L008 1388230 434906 727880 225444 953222
R11_CAGCGT_L008 1553767 415515 883994 254258 1138037
R12_GCCTAA_L008 1325064 363897 89847 871320 961085
R1_AAAGTA_L008 909191 287083 486414 135694 621973
R2_AACGTC_L008 1116039 334950 587059 194030 780806
R3_CGTTAA_L008 1248736 377687 662310 208739 870904
R4_AGAATC_L008 1242886 372644 658170 212072 870164
R5_GTTCTT_L008 1270598 341573 725044 203981 928956
R6_AAGGCC_L008 1253542 471266 594511 187765 782081
R7_ACTGCG_L008 1221720 320014 707710 193996 901645
R8_CGTTTC_L008 1232600 387272 626940 218388 845230
R9_GTGTTT_L008 1593830 480515 880935 232380 1113299
RK10_ACCAGG_L008 1243687 338313 701304 204070 905244
RK11_GGATCA_L008 1328694 350042 757758 220894 978509
RK12_AAAGCG_L008 1407667 375833 794908 236926 1031563
RK1_TCAGCG_L008 814387 240339 450640 123408 574008
RK2_TGTCGT_L008 1103865 343956 602971 156938 759863
RK3_GTGTAG_L008 1084556 297093 615446 172017 787403
RK4_GACTTT_L008 1161899 367576 638077 156246 794280
RK5_ACAGAC_L008 1172135 340327 636157 195651 831746
RK6_TGCACG_L008 1228922 284195 764361 180366 944618
RK7_GGCCTC_L008 1333497 378706 695131 259660 954770
RK8_CCCGTT_L008 1477332 393053 846443 237836 1084209
RK9_ACCCCC_L008 1405993 475396 676375 254222 930545
S10_GTCATT_L008 1516057 409941 857338 248778 1105922
S11_TCCATT_L008 1633042 422128 943015 267899 1210685
S12_AAACAA_L008 1988455 939901 813636 234918 1048322
S1_CTACTA_L008 1440928 411217 782265 247446 1029370
S2_CCTCCC_L008 1451720 606476 626694 218550 844819
S3_TATCGA_L008 1416603 400989 774844 240770 1015275
S4_CAGAAA_L008 1610399 720917 656101 233381 889359
S5_TCTGAT_L008 1488921 388405 854883 245633 1100190
S6_CAGTTC_L008 1420579 446971 720423 253185 973234
S7_GGTCCG_L008 1410629 336123 850455 224051 1074090
S8_GGAGGT_L008 1509214 406799 851428 250987 1102201
S9_CAGGCG_L008 1441273 405511 800073 235689 1035589
SK10_CAGGAC_L008 1765349 520551 943470 301328 1244674
SK11_ACCTCA_L008 1531307 406696 867607 257004 1124152
SK12_AGGGAT_L008 1841046 477014 1065015 299017 1363793
SK1_TGCGCT_L008 1778471 489082 988997 300392 1289306
SK2_GCACGT_L008 1595809 424738 915391 255680 1170905
SK3_TCGAGG_L008 1450934 433292 780893 236749 1017270
SK4_AGTAAG_L008 1380755 413142 749424 218189 967501
SK5_CTCATA_L008 1519999 438077 833423 248499 1081773
SK6_TGCAGT_L008 1688329 449611 968783 269935 1238386
SK7_AACTTA_L008 1527442 415549 871377 240516 1111743
SK8_GCATGG_L008 1576112 421495 843897 310720 1154465
SK9_GTCCTA_L008 1525156 418260 854793 252103 1106753
T10_TGTGCC_L008 1525562 472301 763060 290201 1053183
T11_CCCCAT_L008 1643318 440441 140574 1062303 1202719
T12_TTGCTA_L008 1492220 378939 839672 273609 1113020
T1_AGGCGC_L008 939035 310302 476839 151894 628643
T2_CACTAA_L008 1281149 444317 638402 198430 836778
T3_CACCTC_L008 1120161 334112 550344 235705 785962
T4_CGGAAC_L008 1332223 410257 680924 241042 921633
T5_GTTGCG_L008 1100089 298504 616193 185392 801476
T6_CAGTGA_L008 1372421 403855 104527 864039 968506
T7_ATCGGG_L008 1304594 383884 696800 223910 920666
T8_GGTCAC_L008 1294067 350188 657100 286779 943784
T9_ACTTTT_L008 1573346 457050 69271 1047025 1116239
TK10_GGACTT_L008 1626208 386096 936654 303458 1239971
TK11_TTGTGA_L008 1478302 403189 140168 934945 1075009
TK12_TCTTCT_L008 1472041 352138 835363 284540 1119821
TK1_AATCCG_L008 802202 179400 494915 127887 622727
TK2_TTGACT_L008 1273013 322986 711429 238598 949907
TK3_TAAATG_L008 1059973 319275 556866 183832 740662
TK4_ATTTGT_L008 1247774 336989 679739 231046 910729
TK5_AAACTC_L008 999180 352321 461171 185688 646789
TK6_GCCGGT_L008 1574483 396238 885768 292477 1178180
TK7_AGTCGG_L008 1453679 407409 782816 263454 1046162
TK8_AGTGCT_L008 1572266 393323 888851 290092 1178772
TK9_GGCCAA_L008 1452207 446133 171997 834077 1006022
W1_TCGTTC_L008 2046521 593624 1072737 380160 1452838
W2_GCGATG_L008 2173775 595288 1201867 376620 1578427
W3_ATATAA_L008 2269563 902770 164859 1201934 1366749
W4_ATACTG_L008 1389436 383633 774082 231721 1005756
W5_GGAGAG_L008 1939087 544368 1055882 338837 1394618
WK1_ACGAGA_L008 1928921 505757 832272 590892 1423136
WK2_ATTACA_L008 2017467 886628 862917 267922 1130738
WK3_TGATTT_L008 2537660 640960 1482389 414311 1896633
WK4_GGGGTG_L008 1881321 602487 980137 298697 1278748
WK5_ACAAAA_L008 2937195 1556438 1026798 353959 1380632
X10_TAAGAC_L008 1592854 484648 849511 258695 1106851
X11_CCCGAG_L008 1532846 410588 891658 230600 1120869
X12_GCAATA_L008 1592979 463905 894128 234946 1128504
X1_ACGATC_L008 1470938 467286 759784 243868 1002571
X2_AGGGCA_L008 1467880 405346 832313 230221 1061041
X3_CGATAC_L008 1554184 487953 809876 256355 1064441
X4_TCCTTA_L008 1383501 368436 800866 214199 1014158
X5_GAGTTG_L008 1250980 400043 651404 199533 849973
X6_AATGAA_L008 1442031 447603 778164 216264 993804
X7_TGTGAG_L008 1493835 436912 834350 222573 1055044
X8_CTGCAC_L008 1571355 467168 102057 1002130 1103440
X9_ACGGTA_L008 1516750 420076 869249 227425 1095644
XK10_AGTTGA_L008 1568493 445868 876230 246395 1122053
XK11_GGTATA_L008 1624020 488848 899806 235366 1134728
XK12_CAATTA_L008 1532354 584007 758923 189424 947921
XK1_CGCTCT_L008 1657217 445206 949284 262727 1211663
XK2_TCCAGA_L008 1350860 389586 736457 224817 960836
XK3_CACCGG_L008 1584056 456977 881403 245676 1126032
XK4_CTTGGG_L008 1432494 447351 774853 210290 984789
XK5_CGCACA_L008 1426569 472771 763701 190097 953416
XK6_TGCCAG_L008 1410105 397085 799549 213471 1012047
XK7_CAACGA_L008 1824387 565927 975340 283120 1257764
XK8_TTTCCG_L008 1297902 316922 805996 174984 980406
XK9_ACACCG_L008 1416510 360134 857280 199096 1055999
